000001000
010000011
110000000
000100001
110000001
101110000
110000000
101110001
110000001
101100000
010010111
110000101
101100000
010000001
010010011
110000100
101100000
010000110
010010110
110000111
101100001
110001000
000000000
110000110
101100100
011100110
100100000
101100111
000100100
110000111
000011101
110001010
101100100
100001010
100100001
000000000
110001001
101100101
011101001
100100011
000001111
010000011
000100111
110000111
000001111
010000100
000101111
110001000
110100010
000001111
010000100
000101111
110000111
101100111
110001000
110100010
000011010
110001010
101100100
100001010
100100100
000011001
110001010
101100100
001111010
110001001
101100111
010101001
110000111
000001000
001111001
110001010
101101000
010111010
110001010
101100111
001001010
110000111
101101000
010101001
110001000
110100010
000011001
110001010
101100100
100001010
100100101
110100010
000001110
110001010
101100100
100001010
100100110
000001101
110001001
101100100
001111001
110001001
000001100
110001010
101101010
001111001
110001010
110000010
000000000
110001110
000001001
110001011
101101010
100001011
100101101
000000000
110001011
000001000
110000001
101101011
100000001
101001111
101101000
010111011
110001001
000000111
110000000
101101001
010100000
010110000
111101110
110001110
101101011
000100001
110001011
100000001
100101110
000001000
110000001
101101010
001110001
110001010
101100111
110001000
000000001
110001101
101101010
001111101
110001101
101101000
010111101
110001100
000000111
110001101
101101100
010101101
010111101
110001100
101101000
010111010
110001101
000000111
110001011
101101101
010101011
010111011
110001101
000000000
110001011
101101011
100001010
101001010
101101000
010111011
110001001
000000111
110000000
101101001
010100000
010110000
111101110
110001110
101101011
000100001
110001011
100001010
100101011
101101000
010111010
110001000
000000011
110001011
101100010
100001011
100101000
000001001
110001011
101101010
100001011
100101001
101100111
010111010
110000111
101100111
110001000
000000000
110000111
110101100
000001000
001111010
110001011
101100111
010101011
110000111
101101000
001010111
110001000
000000000
110000111
110101100
000001000
001111010
110001011
101100111
010101011
110001011
101101000
001011011
110001000
101100111
010111010
110000111
110101100
000000001
110000000
101101100
011100000
101000010
101101101
011100000
100110000
101101110
011100000
101000010
101101000
000100001
110001000
110100010
000000000
110001001
101100101
011101001
100100111
000000000
110000111
000000000
110001000
110100010
000000000
110000111
000000000
110001000
110100010
000001000
010000011
000100010
110000010
000100001
110000011
101100111
110010010
101101000
110010011
111000000